3424008
16932000
16973004
18165001
21522001
22253000
25064002
29833006
30473006
34095006
41652007
41931001
43478001
48409008
48867003
49650001
49727002
55929007
56018004
62315008
64531003
68235000
79893008
83128009
84229001
95545007
102616008
119416008
126749000
127086001
127087005
127144009
128477000
162053006
162397003
193967004
214264003
246679005
247373008
247471006
248263006
267036007
271594007
271737000
271742008
271757001
271782001
271783006
271784000
271807003
271813007
271820003
271823003
271825005
289794001
300132001
300197009
300862005
386661006
414786004
422400008
449917004
449918009
