102616008
102957003
105721009
105723007
10601006
106028002
106030000
106048009
106051002
106063007
106066004
106076001
106077005
106089007
106098005
106100005
106126000
106131003
106147001
106167005
106168000
111590001
116312005
116315007
116329008
118227000
118228005
118233009
118235002
118236001
118237005
118238000
118240005
118241009
118242002
118939000
118948005
119291004
119292006
119416008
12337004
123979008
127086001
127087005
127089008
127144009
128121009
128139000
128235003
128254003
128333008
128477000
128598002
130979001
131148009
138875005
154091000119106
162042000
162046002
162053006
162397003
16932000
16973004
18165001
1860003
193967004
19660004
214264003
21522001
21762000
22253000
22325002
230145002
239953001
244938009
246556002
246679005
246812007
246915008
247234006
247258005
247330004
247347003
247348008
247373008
247382002
247440002
247471006
248217000
248263006
248274002
248402002
248842004
248910006
249273002
249342004
249545003
249561001
249562008
250003005
250004004
250072004
25064002
260046006
267036007
271594007
271676006
271737000
271742008
271757001
271782001
271783006
271807003
271813007
271823003
271825005
276435006
278528006
279001004
289618005
289662001
289794001
297268004
297949006
298302000
298325004
298364001
298378000
298705000
299691001
299718000
300132001
300139005
300141006
300162007
300197009
300358007
300359004
300373008
300474003
300479008
3006004
300848003
300862005
300872008
300888008
301095005
301113001
301186004
301226008
301257008
301272007
301282008
301283003
301285005
301296002
301310005
301325005
301343009
301355003
301366005
301386009
301400000
301402008
301830001
301910004
301912007
302292003
302293008
30473006
30746006
308923001
309794002
310789003
34095006
3424008
359752005
362965005
362968007
362971004
363124003
363168001
363169009
363170005
363171009
363787002
363788007
363817001
363870007
363871006
36456004
365852007
365929007
365930002
365931003
366135003
366139009
366147009
366157005
366256008
366725004
384821006
386617003
386618008
386661006
398152000
404684003
406122000
406123005
414022008
414027002
414030009
414786004
415531008
41652007
418799008
419045004
41931001
419518009
42030000
422400008
422587007
423066003
424647005
425061006
43364001
43478001
443371007
445328000
445385004
449917004
449918009
45352006
48409008
48867003
49650001
49727002
50177009
50410009
52475004
53619000
53972003
55300003
55929007
56018004
609619005
609620004
609623002
609624008
609625009
609626005
62315008
63339007
64531003
64572001
65124004
68235000
69328002
699697007
700006000
703938007
713314006
714974000
724386005
75934005
76314005
76616003
76712006
79893008
80306002
80659006
822987005
822988000
83128009
84229001
84410009
85919009
88111009
90834002
95320005
95324001
95545007
